time	thrust_filtered
-0.004903	-200.3190672
-0.001032	-199.9334765
0.002839	-198.9993351
0.007	-197.3607556
0.010871	-194.8733028
0.014742	-191.4139309
0.018613	-186.8908955
0.022484	-181.25302
0.026355	-174.4976548
0.030226	-166.676665
0.034097	-157.8998339
0.037968	-148.3351716
0.041839	-138.205776
0.046	-127.7831007
0.049871	-117.3767497
0.053742	-107.3211896
0.057613	-97.96001116
0.061484	-89.62851195
0.065355	-82.63539469
0.069226	-77.2443127
0.073097	-73.65591047
0.076968	-71.99099155
0.080839	-72.27554119
0.084	-74.42848075
0.087871	-78.25311773
0.091742	-83.43320162
0.095613	-89.53432552
0.099484	-96.01120156
0.103355	-102.221145
0.107226	-107.4439255
0.111097	-110.9079324
0.114968	-111.8222968
0.118839	-109.4142171
0.123	-102.9703063
0.126871	-91.88038675
0.130742	-75.68178709
0.134613	-54.10181965
0.138484	-27.09573373
0.142355	5.122888889
0.146226	42.0625128
0.150097	82.94799282
0.153968	126.7317738
0.157839	172.1241759
0.162	217.6438668
0.165871	261.6879267
0.169742	302.6186228
0.173613	338.8612143
0.177484	369.0041585
0.181355	391.8907334
0.185226	406.6906251
0.189097	412.9427002
0.192968	410.5657033
0.196839	399.8395551
0.2	381.3636486
0.203871	355.9996474
0.207742	324.8062229
0.211613	288.9728127
0.215484	249.7584824
0.219355	208.4402295
0.223226	166.2733698
0.227097	124.465502
0.230968	84.16453485
0.234839	46.46002309
0.239	12.39569875
0.242871	-17.01028817
0.246742	-40.74211458
0.250613	-57.76524746
0.254484	-67.01247611
0.258355	-67.3810696
0.262226	-57.74437167
0.266097	-36.98018194
0.269968	-4.016710871
0.273839	42.10504362
0.278	102.1555756
0.281871	176.6327307
0.285742	265.6757452
0.289613	368.9853167
0.293484	485.7583873
0.297355	614.6468416
0.301226	753.7489866
0.305097	900.6405936
0.308968	1052.44816
0.312839	1205.961603
0.316	1357.778233
0.319871	1504.466308
0.323742	1642.735617
0.327613	1769.603443
0.331484	1882.545024
0.335355	1979.618055
0.339226	2059.552137
0.343097	2121.796942
0.346968	2166.526345
0.350839	2194.599288
0.355	2207.48155
0.358871	2207.135525
0.362742	2195.887004
0.366613	2176.27888
0.370484	2150.922013
0.374355	2122.352951
0.378226	2092.906834
0.382097	2064.612255
0.385968	2039.113514
0.389839	2017.623723
0.394	2000.909429
0.397871	1989.304682
0.401742	1982.750553
0.405613	1980.854867
0.409484	1982.966236
0.413355	1988.256317
0.417226	1995.804373
0.421097	2004.678273
0.424968	2014.006329
0.428839	2023.035492
0.433	2031.173032
0.436871	2038.010312
0.440742	2043.328481
0.444613	2047.087284
0.448484	2049.399599
0.452355	2050.49533
0.456226	2050.678969
0.460097	2050.285483
0.463968	2049.638916
0.467839	2049.01729
0.471	2048.626466
0.474871	2048.584896
0.478742	2048.920109
0.482613	2049.576406
0.486484	2050.431987
0.490355	2051.322878
0.494226	2052.070502
0.498097	2052.509384
0.501968	2052.511692
0.505839	2052.005926
0.51	2050.987881
0.513871	2049.522933
0.517742	2047.739691
0.521613	2045.816006
0.525484	2043.958988
0.529355	2042.381284
0.533226	2041.276344
0.537097	2040.79559
0.540968	2041.03002
0.544839	2041.998309
0.549	2043.642866
0.552871	2045.834518
0.556742	2048.385447
0.560613	2051.069005
0.564484	2053.644277
0.568355	2055.882683
0.572226	2057.593508
0.576097	2058.645422
0.579968	2058.981601
0.583839	2058.626757
0.587	2057.685179
0.590871	2056.329952
0.594742	2054.784522
0.598613	2053.298593
0.602484	2052.120821
0.606355	2051.471256
0.610226	2051.516595
0.614097	2052.351009
0.617968	2053.984658
0.621839	2056.341193
0.626	2059.264589
0.629871	2062.53457
0.633742	2065.889015
0.637613	2069.051077
0.641484	2071.758217
0.645355	2073.790007
0.649226	2074.99167
0.653097	2075.290796
0.656968	2074.705468
0.660839	2073.342825
0.665	2071.38824
0.668871	2069.086349
0.672742	2066.715998
0.676613	2064.561732
0.680484	2062.884737
0.684355	2061.896221
0.688226	2061.735857
0.692097	2062.457417
0.695968	2064.02312
0.699839	2066.307399
0.704	2069.109861
0.707871	2072.176203
0.711742	2075.225037
0.715613	2077.977913
0.719484	2080.189279
0.723355	2081.673053
0.727226	2082.322787
0.731097	2082.123184
0.734968	2081.151701
0.738839	2079.570179
0.742	2077.607535
0.745871	2075.535431
0.749742	2073.639521
0.753613	2072.189269
0.757484	2071.409537
0.761355	2071.456873
0.765226	2072.40292
0.769097	2074.226627
0.772968	2076.816076
0.776839	2079.979766
0.781	2083.466207
0.784871	2086.989808
0.788742	2090.260326
0.792613	2093.012713
0.796484	2095.034223
0.800355	2096.185972
0.804226	2096.41673
0.808097	2095.767488
0.811968	2094.366362
0.815839	2092.414498
0.82	2090.1646
0.823871	2087.894433
0.827742	2085.878078
0.831613	2084.357896
0.835484	2083.519992
0.839355	2083.475575
0.843226	2084.250204
0.847097	2085.782144
0.850968	2087.930114
0.854839	2090.489624
0.858	2093.216095
0.861871	2095.852181
0.865742	2098.156279
0.869613	2099.929064
0.873484	2101.03517
0.877355	2101.417684
0.881226	2101.103977
0.885097	2100.202428
0.888968	2098.890598
0.892839	2097.396231
0.897	2095.97301
0.900871	2094.873438
0.904742	2094.321471
0.908613	2094.48769
0.912484	2095.469614
0.916355	2097.279406
0.920226	2099.840437
0.924097	2102.993276
0.927968	2106.51056
0.931839	2110.119283
0.936	2113.528174
0.939871	2116.457319
0.943742	2118.666911
0.947613	2119.982097
0.951484	2120.311233
0.955355	2119.655569
0.959226	2118.109266
0.963097	2115.849811
0.966968	2113.119887
0.970839	2110.202683
0.974	2107.393271
0.977871	2104.969051
0.981742	2103.162322
0.985613	2102.137762
0.989484	2101.977132
0.993355	2102.672753
0.997226	2104.130376
1.001097	2106.181084
1.004968	2108.60086
1.008839	2111.135617
1.013	2113.52889
1.016871	2115.549186
1.020742	2117.014142
1.024613	2117.809007
1.028484	2117.897643
1.032355	2117.324967
1.036226	2116.210723
1.040097	2114.735253
1.043968	2113.118795
1.047839	2111.596432
1.052	2110.391359
1.055871	2109.68934
1.059742	2109.61719
1.063613	2110.227718
1.067484	2111.492886
1.071355	2113.305987
1.075226	2115.492615
1.079097	2117.829196
1.082968	2120.066974
1.086839	2121.958714
1.091	2123.285243
1.094871	2123.879086
1.098742	2123.642866
1.102613	2122.560673
1.106484	2120.701204
1.110355	2118.212256
1.114226	2115.30694
1.118097	2112.242925
1.121968	2109.296881
1.125839	2106.736839
1.129	2104.795385
1.132871	2103.646433
1.136742	2103.387972
1.140613	2104.032548
1.144484	2105.506432
1.148355	2107.657567
1.152226	2110.271478
1.156097	2113.093513
1.159968	2115.855096
1.163839	2118.301253
1.168	2120.216548
1.171871	2121.446714
1.175742	2121.913699
1.179613	2121.622546
1.183484	2120.659496
1.187355	2119.181635
1.191226	2117.399253
1.195097	2115.552798
1.198968	2113.886796
1.202839	2112.623506
1.207	2111.939104
1.210871	2111.944985
1.214742	2112.676151
1.218613	2114.087794
1.222484	2116.060267
1.226355	2118.411779
1.230226	2120.917432
1.234097	2123.332546
1.237968	2125.41786
1.241839	2126.964041
1.245	2127.81309
1.248871	2127.874508
1.252742	2127.134575
1.256613	2125.657818
1.260484	2123.580512
1.264355	2121.09693
1.268226	2118.439797
1.272097	2115.857018
1.275968	2113.587156
1.279839	2111.836163
1.284	2110.757778
1.287871	2110.439521
1.291742	2110.895655
1.295613	2112.067706
1.299484	2113.832322
1.303355	2116.015572
1.307226	2118.412094
1.311097	2120.807022
1.314968	2122.998337
1.318839	2124.81724
1.323	2126.144426
1.326871	2126.920584
1.330742	2127.150113
1.334613	2126.897778
1.338484	2126.278822
1.342355	2125.443773
1.346226	2124.559771
1.350097	2123.790583
1.353968	2123.277537
1.357839	2123.123459
1.362	2123.381282
1.365871	2124.048546
1.369742	2125.06832
1.373613	2126.336404
1.377484	2127.713937
1.381355	2129.043942
1.385226	2130.169944
1.389097	2130.9546
1.392968	2131.296249
1.396839	2131.141518
1.4	2130.49248
1.403871	2129.407504
1.407742	2127.995651
1.411613	2126.405215
1.415484	2124.807647
1.419355	2123.378606
1.423226	2122.278256
1.427097	2121.632958
1.430968	2121.520448
1.434839	2121.960166
1.439	2122.909886
1.442871	2124.269084
1.446742	2125.888678
1.450613	2127.586163
1.454484	2129.164581
1.458355	2130.433448
1.462226	2131.229468
1.466097	2131.434783
1.469968	2130.990718
1.473839	2129.90543
1.478	2128.254606
1.481871	2126.175076
1.485742	2123.851995
1.489613	2121.500847
1.493484	2119.346067
1.497355	2117.598431
1.501226	2116.433586
1.505097	2115.974008
1.508968	2116.276322
1.512839	2117.325341
1.516	2119.035424
1.519871	2121.259041
1.523742	2123.801607
1.527613	2126.441026
1.531484	2128.9499
1.535355	2131.118115
1.539226	2132.773504
1.543097	2133.798445
1.546968	2134.140677
1.550839	2133.817214
1.555	2132.910989
1.558871	2131.560713
1.562742	2129.945168
1.566613	2128.263708
1.570484	2126.71501
1.574355	2125.476258
1.578226	2124.684895
1.582097	2124.4248
1.585968	2124.718304
1.589839	2125.524807
1.594	2126.74607
1.597871	2128.237525
1.601742	2129.824317
1.605613	2131.320379
1.609484	2132.548588
1.613355	2133.359931
1.617226	2133.649679
1.621097	2133.368829
1.624968	2132.529621
1.628839	2131.204583
1.633	2129.519261
1.636871	2127.639449
1.640742	2125.754224
1.644613	2124.056517
1.648484	2122.723237
1.652355	2121.89704
1.656226	2121.671703
1.660097	2122.082621
1.663968	2123.103378
1.667839	2124.648746
1.671	2126.583801
1.674871	2128.738198
1.678742	2130.924049
1.682613	2132.955453
1.686484	2134.667551
1.690355	2135.933098
1.694226	2136.674871
1.698097	2136.872721
1.701968	2136.564526
1.705839	2135.840887
1.71	2134.834031
1.713871	2133.702102
1.717742	2132.6106
1.721613	2131.713097
1.725484	2131.133498
1.729355	2130.951913
1.733226	2131.195748
1.737097	2131.836944
1.740968	2132.795575
1.744839	2133.949294
1.749	2135.147521
1.752871	2136.228809
1.756742	2137.039558
1.760613	2137.45201
1.764484	2137.379496
1.768355	2136.787125
1.772226	2135.696717
1.776097	2134.185439
1.779968	2132.378365
1.783839	2130.435842
1.787	2128.537094
1.790871	2126.86182
1.794742	2125.571673
1.798613	2124.7935
1.802484	2124.606066
1.806355	2125.031597
1.810226	2126.033067
1.814097	2127.517539
1.817968	2129.345307
1.821839	2131.343878
1.826	2133.325377
1.829871	2135.105571
1.833742	2136.522624
1.837613	2137.453606
1.841484	2137.827016
1.845355	2137.629934
1.849226	2136.909021
1.853097	2135.765244
1.856968	2134.342859
1.860839	2132.813838
1.865	2131.359314
1.868871	2130.149985
1.872742	2129.327527
1.876613	2128.989025
1.880484	2129.176103
1.884355	2129.870004
1.888226	2130.993249
1.892097	2132.41785
1.895968	2133.979273
1.899839	2135.494684
1.903	2136.783476
1.906871	2137.687797
1.910742	2138.090757
1.914613	2137.930269
1.918484	2137.207035
1.922355	2135.98579
1.926226	2134.389614
1.930097	2132.587793
1.933968	2130.778428
1.937839	2129.167621
1.942	2127.947461
1.945871	2127.275235
1.949742	2127.256106
1.953613	2127.931082
1.957484	2129.271487
1.961355	2131.180526
1.965226	2133.501846
1.969097	2136.034265
1.972968	2138.551149
1.976839	2140.822483
1.981	2142.637402
1.984871	2143.824988
1.988742	2144.271301
1.992613	2143.930932
1.996484	2142.831863
2.000355	2141.072978
2.004226	2138.814414
2.008097	2136.261743
2.011968	2133.645671
2.015839	2131.199433
2.02	2129.136255
2.023871	2127.629195
2.027742	2126.79534
2.031613	2126.685836
2.035484	2127.282651
2.039355	2128.502278
2.043226	2130.205867
2.047097	2132.214586
2.050968	2134.328429
2.054839	2136.346398
2.058	2138.085981
2.061871	2139.400068
2.065742	2140.189835
2.069613	2140.412487
2.073484	2140.083227
2.077355	2139.271285
2.081226	2138.090449
2.085097	2136.685169
2.088968	2135.213812
2.092839	2133.83096
2.097	2132.670667
2.100871	2131.832386
2.104742	2131.371005
2.108613	2131.292042
2.112484	2131.552518
2.116355	2132.067401
2.120226	2132.720851
2.124097	2133.380898
2.127968	2133.915829
2.131839	2134.210418
2.136	2134.1802
2.139871	2133.78222
2.143742	2133.021011
2.147613	2131.949089
2.151484	2130.661864
2.155355	2129.287572
2.159226	2127.973344
2.163097	2126.868949
2.166968	2126.109944
2.170839	2125.802048
2.174	2126.008438
2.177871	2126.741405
2.181742	2127.959331
2.185613	2129.569422
2.189484	2131.435971
2.193355	2133.393378
2.197226	2135.262581
2.201097	2136.869135
2.204968	2138.06089
2.208839	2138.723316
2.213	2138.790837
2.216871	2138.253102
2.220742	2137.155691
2.224613	2135.595286
2.228484	2133.709847
2.232355	2131.664832
2.236226	2129.636864
2.240097	2127.796531
2.243968	2126.292016
2.247839	2125.235208
2.252	2124.691644
2.255871	2124.675259
2.259742	2125.148438
2.263613	2126.027365
2.267484	2127.192095
2.271355	2128.50027
2.275226	2129.802966
2.279097	2130.960914
2.282968	2131.859336
2.286839	2132.419768
2.291	2132.607595
2.294871	2132.434547
2.298742	2131.955951
2.302613	2131.263151
2.306484	2130.472041
2.310355	2129.709077
2.314226	2129.096408
2.318097	2128.737762
2.321968	2128.706641
2.325839	2129.038069
2.329	2129.724734
2.332871	2130.717858
2.336742	2131.932635
2.340613	2133.257601
2.344484	2134.566868
2.348355	2135.733854
2.352226	2136.645063
2.356097	2137.212511
2.359968	2137.383541
2.363839	2137.146949
2.368	2136.534679
2.371871	2135.618788
2.375742	2134.503922
2.379613	2133.316068
2.383484	2132.188834
2.387355	2131.24876
2.391226	2130.601324
2.395097	2130.319293
2.398968	2130.434782
2.402839	2130.935918
2.407	2131.768374
2.410871	2132.841507
2.414742	2134.038363
2.418613	2135.228551
2.422484	2136.282676
2.426355	2137.086831
2.430226	2137.555491
2.434097	2137.641261
2.437968	2137.340318
2.441839	2136.692947
2.445	2135.779239
2.448871	2134.710434
2.452742	2133.616831
2.456613	2132.633478
2.460484	2131.88516
2.464355	2131.472345
2.468226	2131.459646
2.472097	2131.868106
2.475968	2132.672172
2.479839	2133.801671
2.484	2135.148615
2.487871	2136.578127
2.491742	2137.942342
2.495613	2139.095781
2.499484	2139.910501
2.503355	2140.289436
2.507226	2140.176575
2.511097	2139.562991
2.514968	2138.488135
2.518839	2137.036255
2.523	2135.32828
2.526871	2133.510005
2.530742	2131.73779
2.534613	2130.16326
2.538484	2128.918541
2.542355	2128.103473
2.546226	2127.776123
2.550097	2127.947553
2.553968	2128.581398
2.557839	2129.598243
2.561	2130.884278
2.564871	2132.303313
2.568742	2133.710893
2.572613	2134.969079
2.576484	2135.960365
2.580355	2136.599223
2.584226	2136.840066
2.588097	2136.680774
2.591968	2136.161541
2.595839	2135.359329
2.6	2134.378672
2.603871	2133.339878
2.607742	2132.365867
2.611613	2131.568995
2.615484	2131.039204
2.619355	2130.834777
2.623226	2130.976642
2.627097	2131.446816
2.630968	2132.19106
2.634839	2133.125454
2.639	2134.14615
2.642871	2135.141213
2.646742	2136.003175
2.650613	2136.640884
2.654484	2136.989376
2.658355	2137.016759
2.662226	2136.727414
2.666097	2136.161196
2.669968	2135.388694
2.673839	2134.503015
2.678	2133.608973
2.681871	2132.810881
2.685742	2132.20039
2.689613	2131.845795
2.693484	2131.784049
2.697355	2132.016349
2.701226	2132.507737
2.705097	2133.190745
2.708968	2133.972716
2.712839	2134.746031
2.716	2135.400111
2.719871	2135.833868
2.723742	2135.967209
2.727613	2135.750357
2.731484	2135.16998
2.735355	2134.251431
2.739226	2133.056787
2.743097	2131.678847
2.746968	2130.231714
2.750839	2128.839043
2.755	2127.621323
2.758871	2126.683587
2.762742	2126.10476
2.766613	2125.929663
2.770484	2126.164425
2.774355	2126.775763
2.778226	2127.694274
2.782097	2128.82143
2.785968	2130.03962
2.789839	2131.224228
2.794	2132.256507
2.797871	2133.035869
2.801742	2133.490302
2.805613	2133.583814
2.809484	2133.320109
2.813355	2132.74208
2.817226	2131.927064
2.821097	2130.978308
2.824968	2130.01348
2.828839	2129.151488
2.832	2128.499052
2.835871	2128.138556
2.839742	2128.118521
2.843613	2128.44779
2.847484	2129.094049
2.851355	2129.986882
2.855226	2131.025033
2.859097	2132.087145
2.862968	2133.044881
2.866839	2133.777045
2.871	2134.183172
2.874871	2134.195071
2.878742	2133.784963
2.882613	2132.969259
2.886484	2131.807541
2.890355	2130.396912
2.894226	2128.862342
2.898097	2127.343986
2.901968	2125.982743
2.905839	2124.905588
2.91	2124.21233
2.913871	2123.965309
2.917742	2124.18314
2.921613	2124.839099
2.925484	2125.864194
2.929355	2127.154606
2.933226	2128.582757
2.937097	2130.010948
2.940968	2131.306097
2.944839	2132.353942
2.949	2133.071123
2.952871	2133.413828
2.956742	2133.382082
2.960613	2133.019243
2.964484	2132.406746
2.968355	2131.654651
2.972226	2130.889005
2.976097	2130.237426
2.979968	2129.814506
2.983839	2129.70863
2.987	2129.97161
2.990871	2130.612226
2.994742	2131.594367
2.998613	2132.839967
3.002484	2134.236375
3.006355	2135.647347
3.010226	2136.926559
3.014097	2137.932298
3.017968	2138.541875
3.021839	2138.664333
3.026	2138.250177
3.029871	2137.297153
3.033742	2135.85152
3.037613	2134.004695
3.041484	2131.885583
3.045355	2129.649275
3.049226	2127.463133
3.053097	2125.491589
3.056968	2123.881112
3.060839	2122.746825
3.065	2122.16209
3.068871	2122.15212
3.072742	2122.692271
3.076613	2123.71118
3.080484	2125.098425
3.084355	2126.715875
3.088226	2128.41147
3.092097	2130.033948
3.095968	2131.447015
3.099839	2132.541627
3.103	2133.2453
3.106871	2133.527631
3.110742	2133.401543
3.114613	2132.920181
3.118484	2132.169795
3.122355	2131.259432
3.126226	2130.308595
3.130097	2129.434166
3.133968	2128.737896
3.137839	2128.295659
3.142	2128.149564
3.145871	2128.303797
3.149742	2128.724736
3.153613	2129.345398
3.157484	2130.07376
3.161355	2130.803952
3.165226	2131.429041
3.169097	2131.853947
3.172968	2132.007038
3.176839	2131.849054
3.181	2131.378269
3.184871	2130.63124
3.188742	2129.67898
3.192613	2128.618951
3.196484	2127.563823
3.200355	2126.628369
3.204226	2125.916103
3.208097	2125.507254
3.211968	2125.449401
3.215839	2125.751763
3.219	2126.383713
3.222871	2127.277704
3.226742	2128.336341
3.230613	2129.442875
3.234484	2130.473968
3.238355	2131.313323
3.242226	2131.864673
3.246097	2132.062684
3.249968	2131.880473
3.253839	2131.332831
3.258	2130.474781
3.261871	2129.395676
3.265742	2128.20957
3.269613	2127.043033
3.273484	2126.021803
3.277355	2125.257703
3.281226	2124.837101
3.285097	2124.812043
3.288968	2125.194908
3.292839	2125.957084
3.297	2127.03177
3.300871	2128.320563
3.304742	2129.703141
3.308613	2131.049091
3.312484	2132.230686
3.316355	2133.135366
3.320226	2133.676634
3.324097	2133.802192
3.327968	2133.498431
3.331839	2132.790855
3.336	2131.740558
3.339871	2130.437317
3.343742	2128.990144
3.347613	2127.516294
3.351484	2126.129761
3.355355	2124.930328
3.359226	2123.994188
3.363097	2123.367088
3.366968	2123.06075
3.370839	2123.052969
3.374	2123.291382
3.377871	2123.700469
3.381742	2124.19099
3.385613	2124.670802
3.389484	2125.055813
3.393355	2125.279857
3.397226	2125.302419
3.401097	2125.113352
3.404968	2124.734103
3.408839	2124.215243
3.413	2123.630592
3.416871	2123.068533
3.420742	2122.621491
3.424613	2122.374756
3.428484	2122.395924
3.432355	2122.726203
3.436226	2123.374591
3.440097	2124.315594
3.443968	2125.49071
3.447839	2126.813519
3.452	2128.177881
3.455871	2129.468459
3.459742	2130.572523
3.463613	2131.391772
3.467484	2131.852911
3.471355	2131.915773
3.475226	2131.578148
3.479097	2130.876765
3.482968	2129.884342
3.486839	2128.702982
3.49	2127.454572
3.493871	2126.269124
3.497742	2125.272215
3.501613	2124.572759
3.505484	2124.252355
3.509355	2124.35729
3.513226	2124.894044
3.517097	2125.828804
3.520968	2127.091027
3.524839	2128.58066
3.529	2130.178222
3.532871	2131.756679
3.536742	2133.193888
3.540613	2134.384385
3.544484	2135.249367
3.548355	2135.743941
3.552226	2135.860942
3.556097	2135.630936
3.559968	2135.118369
3.563839	2134.41423
3.568	2133.625951
3.571871	2132.865618
3.575742	2132.237789
3.579613	2131.828281
3.583484	2131.695165
3.587355	2131.862932
3.591226	2132.320403
3.595097	2133.022464
3.598968	2133.895273
3.602839	2134.844237
3.607	2135.763868
3.610871	2136.548532
3.614742	2137.102969
3.618613	2137.351578
3.622484	2137.245557
3.626355	2136.767292
3.630226	2135.931665
3.634097	2134.784263
3.637968	2133.396784
3.641839	2131.86013
3.645	2130.275896
3.648871	2128.74712
3.652742	2127.369243
3.656613	2126.222167
3.660484	2125.364178
3.664355	2124.82829
3.668226	2124.621307
3.672097	2124.725595
3.675968	2125.1032
3.679839	2125.701705
3.684	2126.461052
3.687871	2127.320462
3.691742	2128.224671
3.695613	2129.128883
3.699484	2130.00202
3.703355	2130.827999
3.707226	2131.604926
3.711097	2132.342362
3.714968	2133.05702
3.718839	2133.767534
3.723	2134.489024
3.726871	2135.228235
3.730742	2135.979949
3.734613	2136.72518
3.738484	2137.43146
3.742355	2138.055268
3.746226	2138.546388
3.750097	2138.853723
3.753968	2138.931896
3.757839	2138.747815
3.761	2138.286409
3.764871	2137.554787
3.768742	2136.584238
3.772613	2135.429647
3.776484	2134.166233
3.780355	2132.883843
3.784226	2131.679335
3.788097	2130.64783
3.791968	2129.873707
3.795839	2129.422249
3.8	2129.33285
3.803871	2129.61456
3.807742	2130.244548
3.811613	2131.169688
3.815484	2132.311164
3.819355	2133.57166
3.823226	2134.84449
3.827097	2136.02383
3.830968	2137.014999
3.834839	2137.743742
3.839	2138.163425
3.842871	2138.259341
3.846742	2138.049581
3.850613	2137.582402
3.854484	2136.930417
3.858355	2136.182338
3.862226	2135.433196
3.866097	2134.774131
3.869968	2134.282867
3.873839	2134.015876
3.878	2134.002997
3.881871	2134.244975
3.885742	2134.714056
3.889613	2135.357443
3.893484	2136.103226
3.897355	2136.868151
3.901226	2137.566475
3.905097	2138.119002
3.908968	2138.461373
3.912839	2138.550711
3.916	2138.369896
3.919871	2137.929024
3.923742	2137.263931
3.927613	2136.432011
3.931484	2135.505772
3.935355	2134.56486
3.939226	2133.687397
3.943097	2132.941618
3.946968	2132.378721
3.950839	2132.027708
3.955	2131.892738
3.958871	2131.953264
3.962742	2132.166902
3.966613	2132.474697
3.970484	2132.808126
3.974355	2133.097019
3.978226	2133.277516
3.982097	2133.299237
3.985968	2133.131029
3.989839	2132.764744
3.994	2132.216677
3.997871	2131.526427
4.001742	2130.753208
4.005613	2129.969944
4.009484	2129.255839
4.013355	2128.688255
4.017226	2128.334762
4.021097	2128.246112
4.024968	2128.450785
4.028839	2128.951638
4.032	2129.725078
4.035871	2130.722873
4.039742	2131.876447
4.043613	2133.103172
4.047484	2134.314036
4.051355	2135.421912
4.055226	2136.349673
4.059097	2137.037368
4.062968	2137.447742
4.066839	2137.569532
4.071	2137.418213
4.074871	2137.034144
4.078742	2136.478326
4.082613	2135.826158
4.086484	2135.159791
4.090355	2134.559858
4.094226	2134.09748
4.098097	2133.827395
4.101968	2133.782887
4.105839	2133.972993
4.11	2134.382216
4.113871	2134.972815
4.117742	2135.689509
4.121613	2136.466179
4.125484	2137.233809
4.129355	2137.928661
4.133226	2138.499625
4.137097	2138.913859
4.140968	2139.160133
4.144839	2139.249603
4.148	2139.213944
4.151871	2139.10108
4.155742	2138.968952
4.159613	2138.878046
4.163484	2138.883553
4.167355	2139.028133
4.171226	2139.336177
4.175097	2139.81027
4.178968	2140.430203
4.182839	2141.154603
4.187	2141.924933
4.190871	2142.671438
4.194742	2143.320411
4.198613	2143.802054
4.202484	2144.058144
4.206355	2144.048699
4.210226	2143.756908
4.214097	2143.191724
4.217968	2142.38775
4.221839	2141.402367
4.226	2140.310385
4.229871	2139.196801
4.233742	2138.148427
4.237613	2137.245291
4.241484	2136.55271
4.245355	2136.114899
4.249226	2135.950815
4.253097	2136.052618
4.256968	2136.386884
4.260839	2136.898417
4.265	2137.5163
4.268871	2138.161631
4.272742	2138.756142
4.276613	2139.230777
4.280484	2139.533259
4.284355	2139.633779
4.288226	2139.528198
4.292097	2139.2384
4.295968	2138.809762
4.299839	2138.305998
4.303	2137.801973
4.306871	2137.375349
4.310742	2137.098028
4.314613	2137.028275
4.318484	2137.204294
4.322355	2137.639828
4.326226	2138.32224
4.330097	2139.213296
4.333968	2140.252653
4.337839	2141.363728
4.342	2142.461332
4.345871	2143.460264
4.349742	2144.283925
4.353613	2144.872088
4.357484	2145.186932
4.361355	2145.216695
4.365226	2144.976485
4.369097	2144.506223
4.372968	2143.86599
4.376839	2143.129379
4.381	2142.375571
4.384871	2141.680957
4.388742	2141.111151
4.392613	2140.714267
4.396484	2140.516285
4.400355	2140.519034
4.404226	2140.700962
4.408097	2141.020451
4.411968	2141.421229
4.415839	2141.839252
4.419	2142.210377
4.422871	2142.477993
4.426742	2142.59967
4.430613	2142.552038
4.434484	2142.333384
4.438355	2141.963785
4.442226	2141.482888
4.446097	2140.945576
4.449968	2140.415934
4.453839	2139.960097
4.458	2139.638769
4.461871	2139.500278
4.465742	2139.574967
4.469613	2139.871457
4.473484	2140.37511
4.477355	2141.048875
4.481226	2141.836572
4.485097	2142.668399
4.488968	2143.468085
4.492839	2144.160801
4.497	2144.680883
4.500871	2144.978534
4.504742	2145.024926
4.508613	2144.81531
4.512484	2144.369873
4.516355	2143.732204
4.520226	2142.965377
4.524097	2142.145957
4.527968	2141.356535
4.531839	2140.677621
4.536	2140.179768
4.539871	2139.9167
4.543742	2139.920107
4.547613	2140.196637
4.551484	2140.727459
4.555355	2141.470454
4.559226	2142.364751
4.563097	2143.33707
4.566968	2144.309253
4.570839	2145.206307
4.574	2145.96418
4.577871	2146.536406
4.581742	2146.898744
4.585613	2147.051147
4.589484	2147.016763
4.593355	2146.838129
4.597226	2146.571124
4.601097	2146.277483
4.604968	2146.016796
4.608839	2145.838989
4.613	2145.778177
4.616871	2145.848673
4.620742	2146.043562
4.624613	2146.335937
4.628484	2146.682512
4.632355	2147.029123
4.636226	2147.317498
4.640097	2147.49257
4.643968	2147.509574
4.647839	2147.340069
4.652	2146.976165
4.655871	2146.432411
4.659742	2145.745152
4.663613	2144.969421
4.667484	2144.173761
4.671355	2143.433516
4.675226	2142.823249
4.679097	2142.409062
4.682968	2142.241628
4.686839	2142.350703
4.69	2142.741661
4.693871	2143.394366
4.697742	2144.26446
4.701613	2145.287011
4.705484	2146.382302
4.709355	2147.463289
4.713226	2148.443971
4.717097	2149.247777
4.720968	2149.815027
4.724839	2150.108754
4.729	2150.118339
4.732871	2149.860655
4.736742	2149.37856
4.740613	2148.736789
4.744484	2148.015571
4.748355	2147.302553
4.752226	2146.683892
4.756097	2146.235501
4.759968	2146.01543
4.763839	2146.058265
4.768	2146.372098
4.771871	2146.938289
4.775742	2147.713834
4.779613	2148.635917
4.783484	2149.628154
4.787355	2150.607965
4.791226	2151.494441
4.795097	2152.215997
4.798968	2152.717011
4.802839	2152.962748
4.806	2152.942059
4.809871	2152.66764
4.813742	2152.173868
4.817613	2151.512456
4.821484	2150.746402
4.825355	2149.942926
4.829226	2149.166243
4.833097	2148.470976
4.836968	2147.896933
4.840839	2147.465763
4.845	2147.17979
4.848871	2147.023122
4.852742	2146.964804
4.856613	2146.963607
4.860484	2146.973786
4.864355	2146.951135
4.868226	2146.858665
4.872097	2146.67143
4.875968	2146.380072
4.879839	2145.992754
4.884	2145.535145
4.887871	2145.048342
4.891742	2144.584868
4.895613	2144.203172
4.899484	2143.961251
4.903355	2143.910067
4.907226	2144.087421
4.911097	2144.512976
4.914968	2145.185012
4.918839	2146.079361
4.923	2147.150674
4.926871	2148.335916
4.930742	2149.559769
4.934613	2150.741468
4.938484	2151.80244
4.942355	2152.673932
4.946226	2153.303775
4.950097	2153.661488
4.953968	2153.741215
4.957839	2153.562206
4.961	2153.166822
4.964871	2152.616223
4.968742	2151.984123
4.972613	2151.349201
4.976484	2150.786945
4.980355	2150.36179
4.984226	2150.120354
4.988097	2150.086504
4.991968	2150.258756
4.995839	2150.610345
5	2151.091983
5.003871	2151.63704
5.007742	2152.168565
5.011613	2152.607484
5.015484	2152.88115
5.019355	2152.931404
5.023226	2152.721262
5.027097	2152.239503
5.030968	2151.502628
5.034839	2150.55398
5.039	2149.460086
5.042871	2148.304539
5.046742	2147.179983
5.050613	2146.179007
5.054484	2145.384921
5.058355	2144.863466
5.062226	2144.656328
5.066097	2144.777178
5.069968	2145.21061
5.073839	2145.914065
5.077	2146.822521
5.080871	2147.855406
5.084742	2148.924994
5.088613	2149.945337
5.092484	2150.84074
5.096355	2151.552816
5.100226	2152.04538
5.104097	2152.306641
5.107968	2152.348586
5.111839	2152.203734
5.116	2151.919804
5.119871	2151.553017
5.123742	2151.160865
5.127613	2150.795217
5.131484	2150.496577
5.135355	2150.290091
5.139226	2150.183663
5.143097	2150.168217
5.146968	2150.219944
5.150839	2150.304164
5.155	2150.380375
5.158871	2150.407923
5.162742	2150.351674
5.166613	2150.186977
5.170484	2149.90331
5.174355	2149.506221
5.178226	2149.017455
5.182097	2148.473364
5.185968	2147.921778
5.189839	2147.41754
5.194	2147.016968
5.197871	2146.771685
5.201742	2146.722471
5.205613	2146.893917
5.209484	2147.290589
5.213355	2147.895171
5.217226	2148.66881
5.221097	2149.55367
5.224968	2150.477469
5.228839	2151.359575
5.232	2152.118083
5.235871	2152.6772
5.239742	2152.974272
5.243613	2152.965821
5.247484	2152.632005
5.251355	2151.979016
5.255226	2151.039101
5.259097	2149.868134
5.262968	2148.54098
5.266839	2147.145179
5.271	2145.773632
5.274871	2144.517089
5.278742	2143.45717
5.282613	2142.660569
5.286484	2142.174817
5.290355	2142.025837
5.294226	2142.21728
5.298097	2142.731582
5.301968	2143.5326
5.305839	2144.569653
5.31	2145.782641
5.313871	2147.107697
5.317742	2148.482698
5.321613	2149.85201
5.325484	2151.170043
5.329355	2152.403366
5.333226	2153.531276
5.337097	2154.544808
5.340968	2155.444368
5.344839	2156.236398
5.348	2156.929687
5.351871	2157.531961
5.355742	2158.047203
5.359613	2158.473895
5.363484	2158.804234
5.367355	2159.024406
5.371226	2159.116008
5.375097	2159.058583
5.378968	2158.832976
5.382839	2158.425044
5.387	2157.829199
5.390871	2157.051332
5.394742	2156.110806
5.398613	2155.041279
5.402484	2153.890139
5.406355	2152.716473
5.410226	2151.587593
5.414097	2150.574349
5.417968	2149.745553
5.421839	2149.161942
5.426	2148.870224
5.429871	2148.897896
5.433742	2149.249551
5.437613	2149.905269
5.441484	2150.8214
5.445355	2151.93365
5.449226	2153.162148
5.453097	2154.417984
5.456968	2155.610633
5.460839	2156.655613
5.464	2157.48164
5.467871	2158.036591
5.471742	2158.291659
5.475613	2158.243291
5.479484	2157.912736
5.483355	2157.34328
5.487226	2156.595517
5.491097	2155.741167
5.494968	2154.856102
5.498839	2154.013284
5.503	2153.276319
5.506871	2152.694309
5.510742	2152.29844
5.514613	2152.100595
5.518484	2152.093937
5.522355	2152.25524
5.526226	2152.548495
5.530097	2152.929313
5.533968	2153.349613
5.537839	2153.762247
5.542	2154.125172
5.545871	2154.404852
5.549742	2154.57857
5.553613	2154.635503
5.557484	2154.576527
5.561355	2154.412923
5.565226	2154.164304
5.569097	2153.856073
5.572968	2153.516701
5.576839	2153.175036
5.581	2152.857849
5.584871	2152.5878
5.588742	2152.381956
5.592613	2152.250923
5.596484	2152.198629
5.600355	2152.222726
5.604226	2152.315555
5.608097	2152.465568
5.611968	2152.659145
5.615839	2152.882617
5.619	2153.124241
5.622871	2153.375745
5.626742	2153.633124
5.630613	2153.896498
5.634484	2154.169109
5.638355	2154.455715
5.642226	2154.76075
5.646097	2155.08661
5.649968	2155.432329
5.653839	2155.792822
5.658	2156.158727
5.661871	2156.516796
5.665742	2156.850772
5.669613	2157.142724
5.673484	2157.374807
5.677355	2157.531281
5.681226	2157.600554
5.685097	2157.576923
5.688968	2157.461725
5.692839	2157.263759
5.697	2156.998918
5.700871	2156.689098
5.704742	2156.360386
5.708613	2156.040637
5.712484	2155.756642
5.716355	2155.531197
5.720226	2155.380432
5.724097	2155.311735
5.727968	2155.32255
5.731839	2155.400248
5.735	2155.523107
5.738871	2155.662351
5.742742	2155.785027
5.746613	2155.857423
5.750484	2155.848622
5.754355	2155.733784
5.758226	2155.496835
5.762097	2155.132304
5.765968	2154.646161
5.769839	2154.055632
5.774	2153.388032
5.777871	2152.678781
5.781742	2151.968758
5.785613	2151.301203
5.789484	2150.718361
5.793355	2150.258103
5.797226	2149.950804
5.801097	2149.816799
5.804968	2149.864706
5.808839	2150.090827
5.813	2150.479699
5.816871	2151.005691
5.820742	2151.635451
5.824613	2152.330961
5.828484	2153.052967
5.832355	2153.764436
5.836226	2154.433608
5.840097	2155.036235
5.843968	2155.556757
5.847839	2155.988385
5.852	2156.33217
5.855871	2156.595268
5.859742	2156.78869
5.863613	2156.924902
5.867484	2157.015646
5.871355	2157.07034
5.875226	2157.095279
5.879097	2157.093694
5.882968	2157.066507
5.886839	2157.013603
5.89	2156.93534
5.893871	2156.834006
5.897742	2156.71493
5.901613	2156.586999
5.905484	2156.462581
5.909355	2156.356924
5.913226	2156.28719
5.917097	2156.271252
5.920968	2156.326294
5.924839	2156.467214
5.929	2156.704879
5.932871	2157.04434
5.936742	2157.483227
5.940613	2158.010573
5.944484	2158.606371
5.948355	2159.242123
5.952226	2159.882483
5.956097	2160.48785
5.959968	2161.017589
5.963839	2161.43342
5.968	2161.702595
5.971871	2161.800592
5.975742	2161.713197
5.979613	2161.437875
5.983484	2160.984334
5.987355	2160.37414
5.991226	2159.639257
5.995097	2158.819543
5.998968	2157.959504
6.002839	2157.104711
6.006	2156.29831
6.009871	2155.577916
6.013742	2154.973091
6.017613	2154.503596
6.021484	2154.178594
6.025355	2153.996908
6.029226	2153.948261
6.033097	2154.015317
6.036968	2154.17628
6.040839	2154.407826
6.045	2154.688152
6.048871	2154.999804
6.052742	2155.33192
6.056613	2155.681459
6.060484	2156.0532
6.064355	2156.458452
6.068226	2156.912699
6.072097	2157.432463
6.075968	2158.031799
6.079839	2158.718814
6.084	2159.492634
6.087871	2160.341164
6.091742	2161.239933
6.095613	2162.152238
6.099484	2163.030721
6.103355	2163.82043
6.107226	2164.463245
6.111097	2164.903379
6.114968	2165.093382
6.118839	2164.999916
6.123	2164.608578
6.126871	2163.927158
6.130742	2162.986966
6.134613	2161.841969
6.138484	2160.565704
6.142355	2159.24611
6.146226	2157.978659
6.150097	2156.858374
6.153968	2155.97146
6.157839	2155.38734
6.161	2155.15187
6.164871	2155.282449
6.168742	2155.765598
6.172613	2156.557368
6.176484	2157.586683
6.180355	2158.761378
6.184226	2159.976416
6.188097	2161.123488
6.191968	2162.100977
6.195839	2162.823285
6.2	2163.228563
6.203871	2163.284127
6.207742	2162.989063
6.211613	2162.373832
6.215484	2161.496949
6.219355	2160.439116
6.223226	2159.295414
6.227097	2158.166326
6.230968	2157.148466
6.234839	2156.325926
6.239	2155.763052
6.242871	2155.499298
6.246742	2155.546571
6.250613	2155.889274
6.254484	2156.486974
6.258355	2157.279313
6.262226	2158.192603
6.266097	2159.147436
6.269968	2160.066633
6.273839	2160.882831
6.277	2161.544901
6.280871	2162.022443
6.284742	2162.307765
6.288613	2162.415155
6.292484	2162.377609
6.296355	2162.241538
6.300226	2162.06016
6.304097	2161.886364
6.307968	2161.765855
6.311839	2161.731358
6.316	2161.798592
6.319871	2161.964467
6.323742	2162.207699
6.327613	2162.491636
6.331484	2162.768885
6.335355	2162.987158
6.339226	2163.095701
6.343097	2163.051658
6.346968	2162.825741
6.350839	2162.406645
6.355	2161.803736
6.358871	2161.047659
6.362742	2160.188669
6.366613	2159.292752
6.370484	2158.435853
6.374355	2157.696796
6.378226	2157.149636
6.382097	2156.856213
6.385968	2156.859719
6.389839	2157.179969
6.393	2157.810886
6.396871	2158.720466
6.400742	2159.853157
6.404613	2161.134366
6.408484	2162.476616
6.412355	2163.786727
6.416226	2164.973417
6.420097	2165.954684
6.423968	2166.664405
6.427839	2167.057601
6.432	2167.113938
6.435871	2166.839149
6.439742	2166.26422
6.443613	2165.44237
6.447484	2164.444056
6.451355	2163.35053
6.455226	2162.246653
6.459097	2161.213733
6.462968	2160.323002
6.466839	2159.630203
6.471	2159.171608
6.474871	2158.96172
6.478742	2158.992905
6.482613	2159.237037
6.486484	2159.649023
6.490355	2160.17179
6.494226	2160.742167
6.498097	2161.297064
6.501968	2161.779395
6.505839	2162.14321
6.51	2162.357542
6.513871	2162.40861
6.517742	2162.300198
6.521613	2162.052282
6.525484	2161.698144
6.529355	2161.280303
6.533226	2160.845734
6.537097	2160.440892
6.540968	2160.107151
6.544839	2159.877176
6.548	2159.772584
6.551871	2159.803053
6.555742	2159.966805
6.559613	2160.252342
6.563484	2160.641158
6.567355	2161.111038
6.571226	2161.639432
6.575097	2162.206322
6.578968	2162.796121
6.582839	2163.398399
6.587	2164.007442
6.590871	2164.620871
6.594742	2165.237646
6.598613	2165.855814
6.602484	2166.470437
6.606355	2167.07208
6.610226	2167.646153
6.614097	2168.173202
6.617968	2168.630104
6.621839	2168.991998
6.626	2169.234782
6.629871	2169.337894
6.633742	2169.287081
6.637613	2169.076747
6.641484	2168.711599
6.645355	2168.207372
6.649226	2167.590606
6.653097	2166.897434
6.656968	2166.171428
6.660839	2165.460595
6.664	2164.813708
6.667871	2164.276317
6.671742	2163.886863
6.675613	2163.673335
6.679484	2163.650784
6.683355	2163.819894
6.687226	2164.166707
6.691097	2164.663515
6.694968	2165.270916
6.698839	2165.94087
6.703	2166.62051
6.706871	2167.256345
6.710742	2167.798491
6.714613	2168.20458
6.718484	2168.442989
6.722355	2168.495096
6.726226	2168.356374
6.730097	2168.036277
6.733968	2167.557019
6.737839	2166.951392
6.742	2166.259805
6.745871	2165.526756
6.749742	2164.797045
6.753613	2164.112097
6.757484	2163.506738
6.761355	2163.006749
6.765226	2162.627358
6.769097	2162.372805
6.772968	2162.236967
6.776839	2162.204958
6.781	2162.255516
6.784871	2162.363923
6.788742	2162.505216
6.792613	2162.657406
6.796484	2162.804384
6.800355	2162.938094
6.804226	2163.05959
6.808097	2163.178722
6.811968	2163.312432
6.815839	2163.481951
6.819	2163.709285
6.822871	2164.013439
6.826742	2164.406742
6.830613	2164.891695
6.834484	2165.458789
6.838355	2166.085719
6.842226	2166.73824
6.846097	2167.372642
6.849968	2167.939564
6.853839	2168.388667
6.858	2168.673644
6.861871	2168.757002
6.865742	2168.614172
6.869613	2168.236572
6.873484	2167.633356
6.877355	2166.831655
6.881226	2165.875181
6.885097	2164.82124
6.888968	2163.736366
6.892839	2162.691032
6.897	2161.753935
6.900871	2160.986448
6.904742	2160.437704
6.908613	2160.140749
6.912484	2160.110088
6.916355	2160.340879
6.920226	2160.809895
6.924097	2161.478179
6.927968	2162.295062
6.931839	2163.203088
6.935	2164.143262
6.938871	2165.060099
6.942742	2165.905991
6.946613	2166.644551
6.950484	2167.252676
6.954355	2167.721192
6.958226	2168.054059
6.962097	2168.26631
6.965968	2168.381008
6.969839	2168.425593
6.974	2168.42807
6.977871	2168.413432
6.981742	2168.400741
6.985613	2168.401241
6.989484	2168.417759
6.993355	2168.445483
6.997226	2168.47393
7.001097	2168.489701
7.004968	2168.47958
7.008839	2168.433502
7.013	2168.347066
7.016871	2168.22333
7.020742	2168.073667
7.024613	2167.917461
7.028484	2167.780531
7.032355	2167.692362
7.036226	2167.682512
7.040097	2167.776724
7.043968	2167.993324
7.047839	2168.340328
7.051	2168.813581
7.054871	2169.396064
7.058742	2170.058435
7.062613	2170.760736
7.066484	2171.455102
7.070355	2172.089264
7.074226	2172.610651
7.078097	2172.970837
7.081968	2173.130037
7.085839	2173.061218
7.09	2172.753395
7.093871	2172.21371
7.097742	2171.467942
7.101613	2170.559283
7.105484	2169.545382
7.109355	2168.493862
7.113226	2167.476724
7.117097	2166.564164
7.120968	2165.818456
7.124839	2165.288559
7.129	2165.005988
7.132871	2164.982389
7.136742	2165.209019
7.140613	2165.658159
7.144484	2166.286265
7.148355	2167.038538
7.152226	2167.854466
7.156097	2168.673785
7.159968	2169.442215
7.163839	2170.116279
7.168	2170.666676
7.171871	2171.07986
7.175742	2171.357748
7.179613	2171.515735
7.183484	2171.57936
7.187355	2171.580113
7.191226	2171.550928
7.195097	2171.521916
7.198968	2171.516831
7.202839	2171.550602
7.206	2171.628123
7.209871	2171.74428
7.213742	2171.885181
7.217613	2172.030411
7.221484	2172.156127
7.225355	2172.238595
7.229226	2172.257702
7.233097	2172.199924
7.236968	2172.060355
7.240839	2171.843604
7.245	2171.563525
7.248871	2171.241834
7.252742	2170.905692
7.256613	2170.584468
7.260484	2170.306047
7.264355	2170.093226
7.268226	2169.96079
7.272097	2169.913687
7.275968	2169.946588
7.279839	2170.044814
7.284	2170.186474
7.287871	2170.345489
7.291742	2170.495127
7.295613	2170.611606
7.299484	2170.677322
7.303355	2170.683262
7.307226	2170.630282
7.311097	2170.529153
7.314968	2170.399451
7.318839	2170.267464
7.322	2170.163295
7.325871	2170.117389
7.329742	2170.156782
7.333613	2170.30153
7.337484	2170.561843
7.341355	2170.936361
7.345226	2171.411823
7.349097	2171.964115
7.352968	2172.56046
7.356839	2173.162372
7.361	2173.729006
7.364871	2174.220613
7.368742	2174.601916
7.372613	2174.845232
7.376484	2174.93313
7.380355	2174.860373
7.384226	2174.634904
7.388097	2174.27771
7.391968	2173.821596
7.395839	2173.308949
7.4	2172.788686
7.403871	2172.312614
7.407742	2171.931499
7.411613	2171.691156
7.415484	2171.62888
7.419355	2171.770462
7.423226	2172.128024
7.427097	2172.698819
7.430968	2173.465081
7.434839	2174.3949
7.439	2175.444063
7.442871	2176.558694
7.446742	2177.678566
7.450613	2178.740958
7.454484	2179.684878
7.458355	2180.455362
7.462226	2181.007453
7.466097	2181.309478
7.469968	2181.34528
7.473839	2181.115216
7.477	2180.635841
7.480871	2179.938306
7.484742	2179.065622
7.488613	2178.068931
7.492484	2177.00311
7.496355	2175.922093
7.500226	2174.874504
7.504097	2173.900175
7.507968	2173.027939
7.511839	2172.274858
7.516	2171.646804
7.519871	2171.140211
7.523742	2170.744714
7.527613	2170.446317
7.531484	2170.230659
7.535355	2170.085888
7.539226	2170.004725
7.543097	2169.985482
7.546968	2170.031937
7.550839	2170.152158
7.555	2170.356396
7.558871	2170.654291
7.562742	2171.051752
7.566613	2171.548019
7.570484	2172.13339
7.574355	2172.788003
7.578226	2173.481892
7.582097	2174.176357
7.585968	2174.826605
7.589839	2175.385407
7.593	2175.807369
7.596871	2176.053252
7.600742	2176.093836
7.604613	2175.91295
7.608484	2175.50947
7.612355	2174.89817
7.616226	2174.109333
7.620097	2173.187068
7.623968	2172.186386
7.627839	2171.169271
7.632	2170.200153
7.635871	2169.341204
7.639742	2168.647861
7.643613	2168.164855
7.647484	2167.923015
7.651355	2167.937085
7.655226	2168.204722
7.659097	2168.706797
7.662968	2169.408984
7.666839	2170.264542
7.671	2171.218021
7.674871	2172.209569
7.678742	2173.179451
7.682613	2174.072368
7.686484	2174.84123
7.690355	2175.45006
7.694226	2175.875854
7.698097	2176.109317
7.701968	2176.154548
7.705839	2176.027872
7.709	2175.755976
7.712871	2175.373535
7.716742	2174.920414
7.720613	2174.438639
7.724484	2173.969326
7.728355	2173.54983
7.732226	2173.211329
7.736097	2172.977004
7.739968	2172.860971
7.743839	2172.868045
7.748	2172.994431
7.751871	2173.229255
7.755742	2173.556688
7.759613	2173.958269
7.763484	2174.415094
7.767355	2174.909617
7.771226	2175.426895
7.775097	2175.955167
7.778968	2176.485719
7.782839	2177.012072
7.787	2177.528692
7.790871	2178.029533
7.794742	2178.506816
7.798613	2178.950335
7.802484	2179.347425
7.806355	2179.68357
7.810226	2179.943595
7.814097	2180.113254
7.817968	2180.181028
7.821839	2180.139816
7.826	2179.988304
7.829871	2179.731789
7.833742	2179.382409
7.837613	2178.958775
7.841484	2178.485032
7.845355	2177.989362
7.849226	2177.501916
7.853097	2177.052278
7.856968	2176.666653
7.860839	2176.365093
7.864	2176.159189
7.867871	2176.050606
7.871742	2176.030684
7.875613	2176.081125
7.879484	2176.175649
7.883355	2176.28245
7.887226	2176.36728
7.891097	2176.396946
7.894968	2176.342895
7.898839	2176.184497
7.903	2175.91163
7.906871	2175.526278
7.910742	2175.043017
7.914613	2174.488323
7.918484	2173.898702
7.922355	2173.317709
7.926226	2172.792125
7.930097	2172.367776
7.933968	2172.085557
7.937839	2171.978129
7.942	2172.067452
7.945871	2172.363223
7.949742	2172.862189
7.953613	2173.548414
7.957484	2174.394481
7.961355	2175.363535
7.965226	2176.411974
7.969097	2177.492567
7.972968	2178.557823
7.976839	2179.563399
7.98	2180.471251
7.983871	2181.252183
7.987742	2181.887479
7.991613	2182.369384
7.995484	2182.70041
7.999355	2182.891607
8.003226	2182.960056
8.007097	2182.925973
8.010968	2182.809859
8.014839	2182.63013
8.019	2182.401514
8.022871	2182.134269
8.026742	2181.834137
8.030613	2181.502902
8.034484	2181.13948
8.038355	2180.741426
8.042226	2180.306699
8.046097	2179.835465
8.049968	2179.331593
8.053839	2178.803553
8.058	2178.264555
8.061871	2177.732007
8.065742	2177.226503
8.069613	2176.770578
8.073484	2176.387359
8.077355	2176.099145
8.081226	2175.925915
8.085097	2175.8838
8.088968	2175.983644
8.092839	2176.229812
8.097	2176.619342
8.100871	2177.141503
8.104742	2177.777853
8.108613	2178.502911
8.112484	2179.285506
8.116355	2180.090727
8.120226	2180.882274
8.124097	2181.624929
8.127968	2182.286881
8.131839	2182.84173
8.135	2183.270056
8.138871	2183.560451
8.142742	2183.709867
8.146613	2183.723206
8.150484	2183.612247
8.154355	2183.394127
8.158226	2183.089675
8.162097	2182.72184
8.165968	2182.314321
8.169839	2181.890401
8.174	2181.471994
8.177871	2181.079008
8.181742	2180.729023
8.185613	2180.437193
8.189484	2180.216144
8.193355	2180.07577
8.197226	2180.022882
8.201097	2180.060818
8.204968	2180.189126
8.208839	2180.403425
8.213	2180.695542
8.216871	2181.053962
8.220742	2181.464556
8.224613	2181.911499
8.228484	2182.378217
8.232355	2182.848189
8.236226	2183.305544
8.240097	2183.735454
8.243968	2184.124468
8.247839	2184.460912
8.251	2184.735502
8.254871	2184.942177
8.258742	2185.079045
8.262613	2185.149246
8.266484	2185.161452
8.270355	2185.129731
8.274226	2185.072682
8.278097	2185.011881
8.281968	2184.969838
8.285839	2184.967738
8.29	2185.023228
8.293871	2185.148502
8.297742	2185.348826
8.301613	2185.621654
8.305484	2185.956417
8.309355	2186.335082
8.313226	2186.733497
8.317097	2187.123438
8.320968	2187.475231
8.324839	2187.760713
8.329	2187.956173
8.332871	2188.044896
8.336742	2188.018929
8.340613	2187.879847
8.344484	2187.638381
8.348355	2187.312998
8.352226	2186.927639
8.356097	2186.508928
8.359968	2186.083206
8.363839	2185.673705
8.368	2185.298182
8.371871	2184.967221
8.375742	2184.683363
8.379613	2184.441137
8.383484	2184.228027
8.387355	2184.026317
8.391226	2183.815645
8.395097	2183.576025
8.398968	2183.290925
8.402839	2182.95002
8.406	2182.551227
8.409871	2182.101752
8.413742	2181.618023
8.417613	2181.124483
8.421484	2180.651413
8.425355	2180.232064
8.429226	2179.899472
8.433097	2179.683368
8.436968	2179.607543
8.440839	2179.687927
8.445	2179.931473
8.448871	2180.335837
8.452742	2180.88974
8.456613	2181.573863
8.460484	2182.362091
8.464355	2183.223003
8.468226	2184.121541
8.472097	2185.020871
8.475968	2185.884403
8.479839	2186.677814
8.484	2187.370895
8.487871	2187.939004
8.491742	2188.364055
8.495613	2188.63506
8.499484	2188.748336
8.503355	2188.707423
8.507226	2188.522699
8.511097	2188.210618
8.514968	2187.792591
8.518839	2187.293568
8.522	2186.740492
8.525871	2186.160739
8.529742	2185.580641
8.533613	2185.024112
8.537484	2184.511419
8.541355	2184.058222
8.545226	2183.675051
8.549097	2183.367304
8.552968	2183.135718
8.556839	2182.977229
8.561	2182.886102
8.564871	2182.855222
8.568742	2182.877377
8.572613	2182.946307
8.576484	2183.05729
8.580355	2183.207124
8.584226	2183.393488
8.588097	2183.613841
8.591968	2183.864119
8.595839	2184.137514
8.6	2184.423621
8.603871	2184.708135
8.607742	2184.973212
8.611613	2185.198529
8.615484	2185.362984
8.619355	2185.446851
8.623226	2185.434122
8.627097	2185.314723
8.630968	2185.086329
8.634839	2184.755533
8.638	2184.338209
8.641871	2183.858978
8.645742	2183.349779
8.649613	2182.847621
8.653484	2182.391715
8.657355	2182.020276
8.661226	2181.767402
8.665097	2181.660379
8.668968	2181.717686
8.672839	2181.947781
8.677	2182.348662
8.680871	2182.908077
8.684742	2183.604315
8.688613	2184.407519
8.692484	2185.281486
8.696355	2186.185849
8.700226	2187.078515
8.704097	2187.918202
8.707968	2188.666934
8.711839	2189.292352
8.716	2189.769744
8.719871	2190.083649
8.723742	2190.228874
8.727613	2190.210804
8.731484	2190.044942
8.735355	2189.755748
8.739226	2189.374884
8.743097	2188.939005
8.746968	2188.48723
8.750839	2188.058436
8.755	2187.688565
8.758871	2187.408193
8.762742	2187.240621
8.766613	2187.200619
8.770484	2187.293842
8.774355	2187.51685
8.778226	2187.857685
8.782097	2188.296972
8.785968	2188.809528
8.789839	2189.366393
8.793	2189.937116
8.796871	2190.492024
8.800742	2191.004148
8.804613	2191.450583
8.808484	2191.81318
8.812355	2192.078636
8.816226	2192.23812
8.820097	2192.28666
8.823968	2192.22251
8.827839	2192.046701
8.832	2191.762889
8.835871	2191.377529
8.839742	2190.900326
8.843613	2190.344814
8.847484	2189.728882
8.851355	2189.075022
8.855226	2188.410119
8.859097	2187.76462
8.862968	2187.171079
8.866839	2186.662165
8.871	2186.268258
8.874871	2186.014823
8.878742	2185.919753
8.882613	2185.990993
8.886484	2186.224785
8.890355	2186.604887
8.894226	2187.103047
8.898097	2187.680823
8.901968	2188.292648
8.905839	2188.889819
8.909	2189.424976
8.912871	2189.856576
8.916742	2190.152953
8.920613	2190.295477
8.924484	2190.28046
8.928355	2190.119571
8.932226	2189.838738
8.936097	2189.475663
8.939968	2189.076231
8.943839	2188.690173
8.948	2188.366403
8.951871	2188.148468
8.955742	2188.070558
8.959613	2188.15445
8.963484	2188.407639
8.967355	2188.822706
8.971226	2189.377932
8.975097	2190.039128
8.978968	2190.762615
8.982839	2191.499115
8.987	2192.198129
8.990871	2192.812285
8.994742	2193.301239
8.998613	2193.634831
9.002484	2193.795422
9.006355	2193.779312
9.010226	2193.597173
9.014097	2193.273384
9.017968	2192.844293
9.021839	2192.355517
9.026	2191.858512
9.029871	2191.406662
9.033742	2191.051095
9.037613	2190.836525
9.041484	2190.797454
9.045355	2190.95516
9.049226	2191.315756
9.053097	2191.869466
9.056968	2192.591072
9.060839	2193.441472
9.064	2194.370287
9.067871	2195.319407
9.071742	2196.227281
9.075613	2197.033622
9.079484	2197.684082
9.083355	2198.134463
9.087226	2198.354079
9.091097	2198.328046
9.094968	2198.058375
9.098839	2197.563832
9.103	2196.878559
9.106871	2196.049502
9.110742	2195.132827
9.114613	2194.189605
9.118484	2193.281098
9.122355	2192.464005
9.126226	2191.78604
9.130097	2191.282284
9.133968	2190.972708
9.137839	2190.861168
9.142	2190.935912
9.145871	2191.171456
9.149742	2191.531582
9.153613	2191.973145
9.157484	2192.450405
9.161355	2192.919493
9.165226	2193.342541
9.169097	2193.690955
9.172968	2193.947467
9.176839	2194.106859
9.18	2194.17549
9.183871	2194.169829
9.187742	2194.114186
9.191613	2194.037821
9.195484	2193.971653
9.199355	2193.944932
9.203226	2193.982228
9.207097	2194.101013
9.210968	2194.310033
9.214839	2194.608561
9.219	2194.986578
9.222871	2195.42578
9.226742	2195.901219
9.230613	2196.383343
9.234484	2196.840253
9.238355	2197.240044
9.242226	2197.553177
9.246097	2197.754814
9.249968	2197.82701
9.253839	2197.760571
9.258	2197.556342
9.261871	2197.225692
9.265742	2196.790042
9.269613	2196.279427
9.273484	2195.730269
9.277355	2195.182613
9.281226	2194.677066
9.285097	2194.251623
9.288968	2193.938584
9.292839	2193.761829
9.296	2193.734847
9.299871	2193.859751
9.303742	2194.127393
9.307613	2194.518438
9.311484	2195.005188
9.315355	2195.553946
9.319226	2196.127766
9.323097	2196.689353
9.326968	2197.203815
9.330839	2197.640968
9.335	2197.977027
9.338871	2198.195649
9.342742	2198.288419
9.346613	2198.25488
9.350484	2198.102175
9.354355	2197.844302
9.358226	2197.500994
9.362097	2197.096253
9.365968	2196.656696
9.369839	2196.209833
9.374	2195.782444
9.377871	2195.399147
9.381742	2195.081213
9.385613	2194.845633
9.389484	2194.704469
9.393355	2194.664464
9.397226	2194.72692
9.401097	2194.887833
9.404968	2195.138339
9.408839	2195.465501
9.413	2195.853448
9.416871	2196.284815
9.420742	2196.742376
9.424613	2197.210731
9.428484	2197.677878
9.432355	2198.136475
9.436226	2198.584606
9.440097	2199.025825
9.443968	2199.468327
9.447839	2199.923266
9.451	2200.402413
9.454871	2200.915494
9.458742	2201.467673
9.462613	2202.057574
9.466484	2202.676131
9.470355	2203.306451
9.474226	2203.924713
9.478097	2204.502011
9.481968	2205.006862
9.485839	2205.40799
9.49	2205.677068
9.493871	2205.791196
9.497742	2205.734997
9.501613	2205.502246
9.505484	2205.096886
9.509355	2204.533332
9.513226	2203.835949
9.517097	2203.037703
9.520968	2202.17805
9.524839	2201.300244
9.529	2200.448298
9.532871	2199.663839
9.536742	2198.983156
9.540613	2198.434769
9.544484	2198.037749
9.548355	2197.800948
9.552226	2197.723091
9.556097	2197.793613
9.559968	2197.994029
9.563839	2198.299643
9.567	2198.681479
9.570871	2199.108344
9.574742	2199.548949
9.578613	2199.973988
9.582484	2200.358068
9.586355	2200.681361
9.590226	2200.930823
9.594097	2201.100852
9.597968	2201.193275
9.601839	2201.216688
9.606	2201.18526
9.609871	2201.117124
9.613742	2201.032515
9.617613	2200.951735
9.621484	2200.893137
9.625355	2200.871297
9.629226	2200.895653
9.633097	2200.969785
9.636968	2201.091473
9.640839	2201.253499
9.645	2201.445101
9.648871	2201.653871
9.652742	2201.867885
9.656613	2202.077738
9.660484	2202.278172
9.664355	2202.469
9.668226	2202.655188
9.672097	2202.846067
9.675968	2203.053829
9.679839	2203.291521
9.684	2203.570801
9.687871	2203.899776
9.691742	2204.28117
9.695613	2204.711056
9.699484	2205.178324
9.703355	2205.664964
9.707226	2206.147217
9.711097	2206.597569
9.714968	2206.987402
9.718839	2207.289987
9.722	2207.483388
9.725871	2207.552909
9.729742	2207.492776
9.733613	2207.30691
9.737484	2207.008802
9.741355	2206.6206
9.745226	2206.171569
9.749097	2205.696053
9.752968	2205.231094
9.756839	2204.813811
9.761	2204.478702
9.764871	2204.255048
9.768742	2204.16464
9.772613	2204.220046
9.776484	2204.423539
9.780355	2204.766729
9.784226	2205.230918
9.788097	2205.788148
9.791968	2206.402929
9.795839	2207.034573
9.8	2207.640017
9.803871	2208.176907
9.807742	2208.606602
9.811613	2208.896811
9.815484	2209.023611
9.819355	2208.972791
9.823226	2208.740536
9.827097	2208.333514
9.830968	2207.768354
9.834839	2207.070512
9.838	2206.272548
9.841871	2205.411969
9.845742	2204.52884
9.849613	2203.663363
9.853484	2202.853594
9.857355	2202.13338
9.861226	2201.5306
9.865097	2201.065845
9.868968	2200.751616
9.872839	2200.592132
9.877	2200.583727
9.880871	2200.715795
9.884742	2200.972181
9.888613	2201.33294
9.892484	2201.776363
9.896355	2202.281153
9.900226	2202.828549
9.904097	2203.404132
9.907968	2203.99907
9.911839	2204.610593
9.916	2205.241597
9.919871	2205.899367
9.923742	2206.593552
9.927613	2207.333569
9.931484	2208.12569
9.935355	2208.970157
9.939226	2209.858692
9.943097	2210.772704
9.946968	2211.68234
9.950839	2212.546407
9.954	2213.313146
9.957871	2213.921891
9.961742	2214.30568
9.965613	2214.394938
9.969484	2214.122238
9.973355	2213.428027
9.977226	2212.267
9.981097	2210.614698
9.984968	2208.473885
9.988839	2205.880233
9.993	2202.906865
9.996871	2199.667208
10.000742	2196.315607
10.004613	2193.04525
10.008484	2190.083072
10.012355	2187.681535
10.016226	2186.10717
10.020097	2185.625913
10.023968	2186.485387
10.027839	2188.894542
10.032	2193.001334
10.035871	2198.8694
10.039742	2206.454991
10.043613	2215.585586
10.047484	2225.941719
10.051355	2237.043627
10.055226	2248.244304
10.059097	2258.730488
10.062968	2267.532951
10.066839	2273.547154
10.071	2275.564762
10.074871	2272.315812
10.078742	2262.520447
10.082613	2244.948367
10.086484	2218.483418
10.090355	2182.189997
10.094226	2135.377407
10.098097	2077.657842
10.101968	2008.993559
10.105839	1929.728969
10.109	1840.60382
10.112871	1742.744542
10.116742	1637.632148
10.120613	1527.046938
10.124484	1412.992612
10.128355	1297.604673
10.132226	1183.049799
10.136097	1071.423755
10.139968	964.6552711
10.143839	864.4223504
10.148	772.0860356
10.151871	688.6449853
10.155742	614.7125422
10.159613	550.5163014
10.163484	495.9186611
10.167355	450.4555843
10.171226	413.3898689
10.175097	383.7746443
10.178968	360.5225734
10.182839	342.4763054
10.187	328.4760258
10.190871	317.4204252
10.194742	308.3180323
10.198613	300.3265987
10.202484	292.7790486
10.206355	285.1954083
10.210226	277.2810955
10.214097	268.9129111
10.217968	260.1149095
10.221839	251.0269089
10.225	241.8687017
10.228871	232.9030701
10.232742	224.4005383
10.236613	216.6084523
10.240484	209.7264661
10.244355	203.8898832
10.248226	199.1615416
10.252097	195.5320659
10.255968	192.9274159
10.259839	191.22194
10.264	190.254755
10.267871	189.8472708
10.271742	189.8199651
10.275613	190.0069849
10.279484	190.2676566
10.283355	190.4944112
10.287226	190.6169022
10.291097	190.602279
10.294968	190.4517563
10.298839	190.193872
10.303	189.875189
10.306871	189.5495986
10.310742	189.2676424
10.314613	189.0672304
10.318484	188.9668047
10.322355	188.9615771
10.326226	189.0230832
10.330097	189.1019725
10.333968	189.1336583
10.337839	189.0461377
10.342	188.7690183
10.345871	188.2426165
10.349742	187.4260076
10.353613	186.3030928
10.357484	184.8860142
10.361355	183.2155386
10.365226	181.3583339
10.369097	179.4013749
10.372968	177.4439773
10.376839	175.5881673
10.38	173.928284
10.383871	172.5408818
10.387742	171.4760901
10.391613	170.7515212
10.395484	170.3495769
10.399355	170.2186185
10.403226	170.2780036
10.407097	170.4265439
10.410968	170.5535837
10.414839	170.5516299
10.419	170.3292455
10.422871	169.8227662
10.426742	169.0054017
10.430613	167.8924952
10.434484	166.5421298
10.438355	165.050828
10.442226	163.5447305
10.446097	162.1672578
10.449968	161.0647593
10.453839	160.3719303
10.458	160.1987609
10.461871	160.6204593
10.465742	161.6712582
10.469613	163.3424724
10.473484	165.5847524
10.477355	168.3141698
10.481226	171.4214437
10.485097	174.7832729
10.488968	178.2744474
10.492839	181.7792866
10.496	185.2010516
10.499871	188.4683136
10.503742	191.5377301
10.507613	194.3931546
10.511484	197.0414157
10.515355	199.505455
10.519226	201.8157957
10.523097	204.0014692
10.526968	206.0815311
10.530839	208.0581765
10.535	209.912266
10.538871	211.6018478
10.542742	213.0639979
10.546613	214.2199906
10.550484	214.9834217
10.554355	215.2704891
10.558226	215.0112898
10.562097	214.1607867
10.565968	212.7080847
10.569839	210.6828252
10.574	208.1578206
10.577871	205.2474384
10.581742	202.1016875
10.585613	198.8964574
10.589484	195.8208405
10.593355	193.0627965
10.597226	190.7945306
10.601097	189.1589044
10.604968	188.2580447
10.608839	188.1451083
10.612	188.8199183
10.615871	190.2289213
10.619742	192.2695824
10.623613	194.7989004
10.627484	197.6452564
10.631355	200.6224364
10.635226	203.5444968
10.639097	206.2401631
10.642968	208.5656188
10.646839	210.4147259
10.651	211.7258821
10.654871	212.4849143
10.658742	212.7237043
10.662613	212.5146474
10.666484	211.9614759
10.670355	211.1873753
10.674226	210.321652
10.678097	209.4864066
10.681968	208.7846437
10.685839	208.2910281
10.69	208.0461454
10.693871	208.0547255
10.697742	208.2878393
10.701613	208.6886177
10.705484	209.1806468
10.709355	209.6779527
10.713226	210.0954254
10.717097	210.3586404
10.720968	210.4122296
10.724839	210.2261545
10.729	209.7993702
10.732871	209.1605099
10.736742	208.3654361
10.740613	207.4918273
10.744484	206.6313426
10.748355	205.8802435
10.752226	205.3295632
10.756097	205.0559212
10.759968	205.1139309
10.763839	205.5309278
10.767	206.3045406
10.770871	207.4034057
10.774742	208.7710101
10.778613	210.3322396
10.782484	212.0017883
10.786355	213.6933091
10.790226	215.3281485
10.794097	216.8427021
10.797968	218.1937106
10.801839	219.3610939
10.806	220.3481564
10.809871	221.1792206
10.813742	221.8949758
10.817613	222.5460519
10.821484	223.1855487
10.825355	223.8614085
10.829226	224.6095974
10.833097	225.4489896
10.836968	226.3786114
10.840839	227.3775605
10.845	228.4075677
10.848871	229.4178805
10.852742	230.3519196
10.856613	231.154994
10.860484	231.7822245
10.864355	232.2057302
10.868226	232.4201209
10.872097	232.4454937
10.875968	232.3274675
10.879839	232.1341981
10.883	231.9506823
10.886871	231.8709265
10.890742	231.9887581
10.894613	232.3881736
10.898484	233.1341134
10.902355	234.2644358
10.906226	235.7837344
10.910097	237.6595974
10.913968	239.8218965
10.917839	242.1655974
10.922	244.5573262
10.925871	246.8455068
10.929742	248.8733568
10.933613	250.4934534
10.937484	251.5821288
10.941355	252.0518215
10.945226	251.8597823
10.949097	251.01211
10.952968	249.5627866
10.956839	247.6080465
10.961	245.2769284
10.964871	242.7191743
10.968742	240.0917699
10.972613	237.5454428
10.976484	235.2123817
10.980355	233.1963079
10.984226	231.5657775
10.988097	230.3512403
10.991968	229.5459647
10.995839	229.1105273
11	228.9802328
11.003871	229.0745967
11.007742	229.307869
11.011613	229.5994749
11.015484	229.8832685
11.019355	230.1146425
11.023226	230.2747971
11.027097	230.3717926
11.030968	230.4383599
11.034839	230.526799
11.038	230.7016067
11.041871	231.0307188
11.045742	231.5763742
11.049613	232.3865976
11.053484	233.4881622
11.057355	234.8817207
11.061226	236.5396396
11.065097	238.4068746
11.068968	240.404918
11.072839	242.4384592
11.077	244.4040359
11.080871	246.1996938
11.084742	247.7345598
11.088613	248.9372691
11.092484	249.7623851
11.096355	250.1942402
11.100226	250.2479214
11.104097	249.9674005
11.107968	249.4211014
11.111839	248.6954393
11.116	247.886967
11.119871	247.0937481
11.123742	246.4065692
11.127613	245.9006693
11.131484	245.6287386
11.135355	245.6159476
11.139226	245.8576932
11.143097	246.3205318
11.146968	246.9463818
11.150839	247.659569
11.154	248.3757986
11.157871	249.011823
11.161742	249.4945209
11.165613	249.7683064
11.169484	249.8001564
11.173355	249.5819703
11.177226	249.1303333
11.181097	248.4840233
11.184968	247.699776
11.188839	246.8469104
11.193	246.0013947
11.196871	245.2397794
11.200742	244.6332438
11.204613	244.2419343
11.208484	244.1098822
11.212355	244.26099
11.216226	244.6966967
11.220097	245.3958451
11.223968	246.3169407
11.227839	247.4025216
11.232	248.584938
11.235871	249.7925859
11.239742	250.9556143
11.243613	252.0102941
11.247484	252.901573
11.251355	253.583769
11.255226	254.019786
11.259097	254.1795169
11.262968	254.0380996
11.266839	253.5744554
11.271	252.7702669
11.274871	251.6093868
11.278742	250.0776285
11.282613	248.1628917
11.286484	245.8555927
11.290355	243.1493762
11.294226	240.0420971
11.298097	236.5370812
11.301968	232.6446561
11.305839	228.3838367
11.309	223.783862
11.312871	218.885118
11.316742	213.7389634
11.320613	208.4061299
11.324484	202.9536489
11.328355	197.4505469
11.332226	191.9627495
11.336097	186.5477028
11.339968	181.2492247
11.343839	176.0930832
11.348	171.0837642
11.351871	166.202806
11.355742	161.40897
11.359613	156.640395
11.363484	151.8187502
11.367355	146.8552547
11.371226	141.6582494
11.375097	136.1417607
11.378968	130.2342487
11.382839	123.8865867
11.387	117.0783805
11.390871	109.8219479
11.394742	102.1635247
11.398613	94.18148278
11.402484	85.98155064
11.406355	77.68928067
11.410226	69.44031964
11.414097	61.36936942
11.417968	53.59896194
11.421839	46.22924071
11.425	39.32984426
11.428871	32.93477442
11.432742	27.04083195
11.436613	21.60982977
11.440484	16.57438662
11.444355	11.84670404
11.448226	7.329359733
11.452097	2.926864033
11.455968	-1.443382694
11.459839	-5.841973132
11.464	-10.30116464
11.467871	-14.82192374
11.471742	-19.37454875
11.475613	-23.90269773
11.479484	-28.3302949
11.483355	-32.57048768
11.487226	-36.53561779
11.491097	-40.14710011
11.494968	-43.34419278
11.498839	-46.09084498
11.503	-48.38004327
11.506871	-50.23530626
11.510742	-51.7092176
11.514613	-52.87915856
11.518484	-53.84068456
11.522355	-54.69923759
11.526226	-55.56105341
11.530097	-56.52417976
11.533968	-57.67046839
11.537839	-59.05926225
11.541	-60.72330402
11.544871	-62.66716933
11.548742	-64.86829428
11.552613	-67.28042957
11.556484	-69.83912927
11.560355	-72.46869154
11.564226	-75.08982531
11.568097	-77.62722568
11.571968	-80.0162249
11.575839	-82.20778392
11.58	-84.17132643
11.583871	-85.89525759
11.587742	-87.38535764
11.591613	-88.66149567
11.595484	-89.75323296
11.599355	-90.69491007
11.603226	-91.52078573
11.607097	-92.26073671
11.610968	-92.93694473
11.614839	-93.56189815
11.619	-94.1379224
11.622871	-94.65830175
11.626742	-95.1098619
11.630613	-95.47668472
11.634484	-95.74447085
11.638355	-95.90497605
11.642226	-95.95992339
11.646097	-95.9238337
11.649968	-95.82532418
11.653839	-95.70659828
11.658	-95.62107138
11.661871	-95.62931359
11.665742	-95.79370076
11.669613	-96.17230981
11.673484	-96.81266718
11.677355	-97.7459748
11.681226	-98.98242124
11.685097	-100.5081377
11.688968	-102.2842541
11.692839	-104.2483278
11.696	-106.318172
11.699871	-108.3978539
11.703742	-110.3854013
11.707613	-112.1815753
11.711484	-113.6989377
11.715355	-114.8703538
11.719226	-115.6560496
11.723097	-116.0483975
11.726968	-116.073785
11.730839	-115.7912132
11.735	-115.2876501
11.738871	-114.6705476
11.742742	-114.0582628
11.746613	-113.569329
11.750484	-113.3115964
11.754355	-113.3722375
11.758226	-113.8095294
11.762097	-114.647167
11.765968	-115.8716323
11.769839	-117.4328573
11.774	-119.2481093
11.777871	-121.208751
11.781742	-123.1892845
11.785613	-125.0578831
11.789484	-126.6874389
11.793355	-127.9660649
11.797226	-128.8060576
11.801097	-129.1505621
11.804968	-128.9775033
11.808839	-128.3006306
11.812	-127.1677318
11.815871	-125.6562508
11.819742	-123.8667364
11.823613	-121.9147633
11.827484	-119.922129
11.831355	-118.0081812
11.835226	-116.2820294
11.839097	-114.8361891
11.842968	-113.7419946
11.846839	-113.046955
11.851	-112.7741247
11.854871	-112.9234423
11.858742	-113.4748197
11.862613	-114.3925275
11.866484	-115.6302221
11.870355	-117.1359067
11.874226	-118.856259
11.878097	-120.7400061
11.881968	-122.7402233
11.885839	-124.8155088
11.89	-126.9300202
11.893871	-129.0524594
11.897742	-131.1543125
11.901613	-133.2078804
11.905484	-135.1846992
11.909355	-137.0547905
11.913226	-138.7869001
11.917097	-140.3496595
11.920968	-141.71353
11.924839	-142.8533767
11.929	-143.751474
11.932871	-144.4006063
11.936742	-144.8067896
11.940613	-144.9910981
11.944484	-144.9901773
11.948355	-144.8552112
11.952226	-144.6492944
11.956097	-144.4433208
11.959968	-144.3106459
11.963839	-144.3209656
11.967	-144.5340235
11.970871	-144.9938608
11.974742	-145.7242918
11.978613	-146.7261456
11.982484	-147.9766179
11.986355	-149.4308904
11.990226	-151.0259907
11.994097	-152.6866489
11.997968	-154.3326331
